#Layer_Color=32768
#
#Feature symbol names
#
$0 r3.937
$1 r1.9685

#
#Feature attribute names
#

#
#Layer features
#
L 4.1968503 3.6200787 4.1968503 3.7027559 1 P 0
L 4.1968503 3.6200787 4.3267716 3.6200787 1 P 0
L 4.1968503 3.7027559 4.3267716 3.7027559 1 P 0
L 4.2007874 3.8799213 4.2007874 4.0137795 1 P 0
L 4.2007874 3.8799213 4.2834645 3.8799213 1 P 0
L 4.2007874 4.0137795 4.2834645 4.0137795 1 P 0
L 4.2185039 3.3956693 4.2185039 3.5334646 1 P 0
L 4.2185039 3.3956693 4.3838582 3.3956693 1 P 0
L 4.2185039 3.5334646 4.3838582 3.5334646 1 P 0
L 4.2234252 3.9468504 4.2608267 3.9468504 0 P 0
L 4.242126 3.9281496 4.242126 3.9655512 0 P 0
L 4.2431102 3.6614173 4.2805117 3.6614173 0 P 0
L 4.261811 3.6427165 4.261811 3.6801181 0 P 0
L 4.2795275 3.8405512 4.2795275 3.9744094 1 P 0
L 4.2795275 3.8405512 4.3622046 3.8405512 1 P 0
L 4.2795275 3.9744094 4.3622046 3.9744094 1 P 0
L 4.281496 3.4645669 4.3208661 3.4645669 0 P 0
L 4.2834645 3.8799213 4.2834645 4.0137795 1 P 0
L 4.3011811 3.4448819 4.3011811 3.484252 0 P 0
L 4.3021653 3.9074803 4.3395668 3.9074803 0 P 0
L 4.3208661 3.8887795 4.3208661 3.9261811 0 P 0
L 4.3267716 3.6200787 4.3267716 3.7027559 1 P 0
L 4.3622046 3.8405512 4.3622046 3.9744094 1 P 0
L 4.3799212 3.7204724 4.3799212 4.2519685 1 P 0
L 4.3799212 3.7204724 4.9114173 3.7204724 1 P 0
L 4.3799212 4.2519685 4.9114173 4.2519685 1 P 0
L 4.3838582 3.3956693 4.3838582 3.5334646 1 P 0
L 4.4212599 3.3759843 4.4212599 3.5925197 1 P 0
L 4.4212599 3.3759843 4.5354331 3.3759843 1 P 0
L 4.4212599 3.5925197 4.5354331 3.5925197 1 P 0
L 4.4586615 3.484252 4.4980316 3.484252 0 P 0
L 4.4783465 3.464567 4.4783465 3.5039371 0 P 0
L 4.5295276 4.2795276 4.5295276 4.3622047 1 P 0
L 4.5295276 4.2795276 4.6633858 4.2795276 1 P 0
L 4.5295276 4.3622047 4.6633858 4.3622047 1 P 0
L 4.5354331 3.3759843 4.5354331 3.5925197 1 P 0
L 4.5511811 3.4133858 4.5511811 3.515748 1 P 0
L 4.5511811 3.4133858 4.7204724 3.4133858 1 P 0
L 4.5511811 3.515748 4.7204724 3.515748 1 P 0
L 4.5511811 3.5216535 4.5511811 3.6240157 1 P 0
L 4.5511811 3.5216535 4.7204724 3.5216535 1 P 0
L 4.5511811 3.6240157 4.7204724 3.6240157 1 P 0
L 4.5649606 4.371063 4.5649606 4.5049212 1 P 0
L 4.5649606 4.371063 4.6476377 4.371063 1 P 0
L 4.5649606 4.5049212 4.6476377 4.5049212 1 P 0
L 4.5679134 3.6299212 4.5679134 3.7125983 1 P 0
L 4.5679134 3.6299212 4.7017716 3.6299212 1 P 0
L 4.5679134 3.7125983 4.7017716 3.7125983 1 P 0
L 4.5777559 4.3208661 4.6151575 4.3208661 0 P 0
L 4.5875984 4.4379921 4.6249999 4.4379921 0 P 0
L 4.5964567 4.3021654 4.5964567 4.3395669 0 P 0
L 4.6062992 4.4192913 4.6062992 4.4566929 0 P 0
L 4.6161417 3.4645669 4.6555118 3.4645669 0 P 0
L 4.6161417 3.5728346 4.6555118 3.5728346 0 P 0
L 4.6161417 3.6712598 4.6535433 3.6712598 0 P 0
L 4.6259842 3.9862204 4.6653543 3.9862204 0 P 0
L 4.6348425 3.652559 4.6348425 3.6899605 0 P 0
L 4.6358268 3.4448818 4.6358268 3.4842519 0 P 0
L 4.6358268 3.5531495 4.6358268 3.5925196 0 P 0
L 4.6456693 3.9665354 4.6456693 4.0059055 0 P 0
L 4.6476377 4.371063 4.6476377 4.5049212 1 P 0
L 4.6633858 4.2795276 4.6633858 4.3622047 1 P 0
L 4.7017716 3.6299212 4.7017716 3.7125983 1 P 0
L 4.7204724 3.4133858 4.7204724 3.515748 1 P 0
L 4.7204724 3.5216535 4.7204724 3.6240157 1 P 0
L 4.9114173 3.7204724 4.9114173 4.2519685 1 P 0
L 4.9192914 3.9980315 4.9192914 4.1318897 1 P 0
L 4.9192914 3.9980315 5.0019685 3.9980315 1 P 0
L 4.9192914 4.1318897 5.0019685 4.1318897 1 P 0
L 4.929134 3.4389764 4.929134 3.6082677 1 P 0
L 4.929134 3.4389764 5.0314962 3.4389764 1 P 0
L 4.929134 3.6082677 5.0314962 3.6082677 1 P 0
L 4.9419292 4.0649606 4.9793307 4.0649606 0 P 0
L 4.9606299 4.0462598 4.9606299 4.0836614 0 P 0
L 4.96063 3.523622 5.0000001 3.523622 0 P 0
L 4.9803151 3.503937 4.9803151 3.5433071 0 P 0
L 4.9940944 4.0334645 4.9940944 4.1161417 1 P 0
L 4.9940944 4.0334645 5.1240157 4.0334645 1 P 0
L 4.9940944 4.1161417 5.1240157 4.1161417 1 P 0
L 4.9940945 3.9448819 4.9940945 4.0275591 1 P 0
L 4.9940945 3.9448819 5.1240158 3.9448819 1 P 0
L 4.9940945 4.0275591 5.1240158 4.0275591 1 P 0
L 5.0019685 3.9980315 5.0019685 4.1318897 1 P 0
L 5.0314962 3.4389764 5.0314962 3.6082677 1 P 0
L 5.0403543 4.0748031 5.0777558 4.0748031 0 P 0
L 5.0403544 3.9862205 5.0777559 3.9862205 0 P 0
L 5.0590551 3.9675197 5.0590551 4.0049213 0 P 0
L 5.0590551 4.0561023 5.0590551 4.0935039 0 P 0
L 5.1240157 4.0334645 5.1240157 4.1161417 1 P 0
L 5.1240158 3.9448819 5.1240158 4.0275591 1 P 0
L 5.1456693 3.4074804 5.1456693 3.5413386 1 P 0
L 5.1456693 3.4074804 5.2283464 3.4074804 1 P 0
L 5.1456693 3.5374015 5.1456693 3.6673228 1 P 0
L 5.1456693 3.5374015 5.2283465 3.5374015 1 P 0
L 5.1456693 3.5413386 5.2283464 3.5413386 1 P 0
L 5.1456693 3.6673228 5.2283465 3.6673228 1 P 0
L 5.1456693 4.4527558 5.1456693 4.5826771 1 P 0
L 5.1456693 4.4527558 5.2283465 4.4527558 1 P 0
L 5.1456693 4.5826771 5.2283465 4.5826771 1 P 0
L 5.1456694 3.7913386 5.1456694 3.9251968 1 P 0
L 5.1456694 3.7913386 5.2283465 3.7913386 1 P 0
L 5.1456694 3.9251968 5.2283465 3.9251968 1 P 0
L 5.1456694 4.6870079 5.1456694 4.8208661 1 P 0
L 5.1456694 4.6870079 5.2283465 4.6870079 1 P 0
L 5.1456694 4.8208661 5.2283465 4.8208661 1 P 0
L 5.1456695 3.6653543 5.1456695 3.7952756 1 P 0
L 5.1456695 3.6653543 5.2283467 3.6653543 1 P 0
L 5.1456695 3.7952756 5.2283467 3.7952756 1 P 0
L 5.1456695 4.5807086 5.1456695 4.7106299 1 P 0
L 5.1456695 4.5807086 5.2283467 4.5807086 1 P 0
L 5.1456695 4.7106299 5.2283467 4.7106299 1 P 0
L 5.1555118 4.3228347 5.1555118 4.4566929 1 P 0
L 5.1555118 4.3228347 5.2381889 4.3228347 1 P 0
L 5.1555118 4.4566929 5.2381889 4.4566929 1 P 0
L 5.1683071 3.4744095 5.2057086 3.4744095 0 P 0
L 5.1683071 3.6023622 5.2057087 3.6023622 0 P 0
L 5.1683071 4.5177165 5.2057087 4.5177165 0 P 0
L 5.1683072 3.8582677 5.2057087 3.8582677 0 P 0
L 5.1683072 4.753937 5.2057087 4.753937 0 P 0
L 5.1683073 3.7303149 5.2057089 3.7303149 0 P 0
L 5.1683073 4.6456692 5.2057089 4.6456692 0 P 0
L 5.1781496 4.3897638 5.2155511 4.3897638 0 P 0
L 5.1870079 3.4557087 5.1870079 3.4931103 0 P 0
L 5.1870079 3.5836614 5.1870079 3.6210629 0 P 0
L 5.1870079 3.8395669 5.1870079 3.8769685 0 P 0
L 5.1870079 4.4990157 5.1870079 4.5364172 0 P 0
L 5.1870079 4.7352362 5.1870079 4.7726378 0 P 0
L 5.1870081 3.7116142 5.1870081 3.7490157 0 P 0
L 5.1870081 4.6269685 5.1870081 4.66437 0 P 0
L 5.1968504 4.371063 5.1968504 4.4084646 0 P 0
L 5.2244095 3.5167324 5.2244095 3.6505906 1 P 0
L 5.2244095 3.5167324 5.3070866 3.5167324 1 P 0
L 5.2244095 3.6505906 5.3070866 3.6505906 1 P 0
L 5.2244095 4.4320867 5.2244095 4.5659449 1 P 0
L 5.2244095 4.4320867 5.3070866 4.4320867 1 P 0
L 5.2244095 4.5659449 5.3070866 4.5659449 1 P 0
L 5.2283464 3.4074804 5.2283464 3.5413386 1 P 0
L 5.2283465 3.5374015 5.2283465 3.6673228 1 P 0
L 5.2283465 3.7913386 5.2283465 3.9251968 1 P 0
L 5.2283465 4.4527558 5.2283465 4.5826771 1 P 0
L 5.2283465 4.6870079 5.2283465 4.8208661 1 P 0
L 5.2283467 3.6653543 5.2283467 3.7952756 1 P 0
L 5.2283467 4.5807086 5.2283467 4.7106299 1 P 0
L 5.230315 3.4035433 5.230315 3.4862205 1 P 0
L 5.230315 3.4035433 5.3602363 3.4035433 1 P 0
L 5.230315 3.4862205 5.3602363 3.4862205 1 P 0
L 5.230315 4.3188976 5.230315 4.4015748 1 P 0
L 5.230315 4.3188976 5.3602363 4.3188976 1 P 0
L 5.230315 4.4015748 5.3602363 4.4015748 1 P 0
L 5.2381889 4.3228347 5.2381889 4.4566929 1 P 0
L 5.2470473 3.5836615 5.2844488 3.5836615 0 P 0
L 5.2470473 4.4990158 5.2844488 4.4990158 0 P 0
L 5.257874 3.6889765 5.257874 3.7716536 1 P 0
L 5.257874 3.6889765 5.3917322 3.6889765 1 P 0
L 5.257874 3.7716536 5.3917322 3.7716536 1 P 0
L 5.257874 4.6043308 5.257874 4.6870079 1 P 0
L 5.257874 4.6043308 5.3917322 4.6043308 1 P 0
L 5.257874 4.6870079 5.3917322 4.6870079 1 P 0
L 5.265748 3.5649607 5.265748 3.6023623 0 P 0
L 5.265748 4.480315 5.265748 4.5177166 0 P 0
L 5.2765749 3.4448819 5.3139764 3.4448819 0 P 0
L 5.2765749 4.3602362 5.3139764 4.3602362 0 P 0
L 5.2795276 3.757874 5.2795276 3.8405512 1 P 0
L 5.2795276 3.757874 5.4094489 3.757874 1 P 0
L 5.2795276 3.8405512 5.4094489 3.8405512 1 P 0
L 5.2795276 4.6732283 5.2795276 4.7559055 1 P 0
L 5.2795276 4.6732283 5.4094489 4.6732283 1 P 0
L 5.2795276 4.7559055 5.4094489 4.7559055 1 P 0
L 5.2952756 3.4261811 5.2952756 3.4635827 0 P 0
L 5.2952756 4.3415354 5.2952756 4.378937 0 P 0
L 5.3061023 3.730315 5.3435039 3.730315 0 P 0
L 5.3061023 4.6456693 5.3435039 4.6456693 0 P 0
L 5.3070866 3.5167324 5.3070866 3.6505906 1 P 0
L 5.3070866 4.4320867 5.3070866 4.5659449 1 P 0
L 5.3228347 3.5167324 5.3228347 3.6505906 1 P 0
L 5.3228347 3.5167324 5.4055118 3.5167324 1 P 0
L 5.3228347 3.6505906 5.4055118 3.6505906 1 P 0
L 5.3228347 4.4320867 5.3228347 4.5659449 1 P 0
L 5.3228347 4.4320867 5.4055118 4.4320867 1 P 0
L 5.3228347 4.5659449 5.4055118 4.5659449 1 P 0
L 5.3248031 3.7116143 5.3248031 3.7490158 0 P 0
L 5.3248031 4.6269686 5.3248031 4.6643701 0 P 0
L 5.3257875 3.7992126 5.363189 3.7992126 0 P 0
L 5.3257875 4.7145669 5.363189 4.7145669 0 P 0
L 5.3287401 3.8267717 5.3287401 3.9094489 1 P 0
L 5.3287401 3.8267717 5.4586614 3.8267717 1 P 0
L 5.3287401 3.9094489 5.4586614 3.9094489 1 P 0
L 5.3287401 4.742126 5.3287401 4.8248032 1 P 0
L 5.3287401 4.742126 5.4586614 4.742126 1 P 0
L 5.3287401 4.8248032 5.4586614 4.8248032 1 P 0
L 5.3425197 3.4586614 5.3425197 3.6279527 1 P 0
L 5.3425197 3.4586614 5.4448819 3.4586614 1 P 0
L 5.3425197 3.6279527 5.4448819 3.6279527 1 P 0
L 5.3425197 3.753937 5.3425197 3.9232283 1 P 0
L 5.3425197 3.753937 5.4448819 3.753937 1 P 0
L 5.3425197 3.9232283 5.4448819 3.9232283 1 P 0
L 5.3425197 4.3740157 5.3425197 4.543307 1 P 0
L 5.3425197 4.3740157 5.4448819 4.3740157 1 P 0
L 5.3425197 4.543307 5.4448819 4.543307 1 P 0
L 5.3425197 4.6692913 5.3425197 4.8385826 1 P 0
L 5.3425197 4.6692913 5.4448819 4.6692913 1 P 0
L 5.3425197 4.8385826 5.4448819 4.8385826 1 P 0
L 5.3444882 3.7805118 5.3444882 3.8179134 0 P 0
L 5.3444882 4.6958661 5.3444882 4.7332677 0 P 0
L 5.3454725 3.5836615 5.382874 3.5836615 0 P 0
L 5.3454725 4.4990158 5.382874 4.4990158 0 P 0
L 5.3582677 3.4035434 5.3582677 3.4862206 1 P 0
L 5.3582677 3.4035434 5.488189 3.4035434 1 P 0
L 5.3582677 3.4862206 5.488189 3.4862206 1 P 0
L 5.3582677 4.3188977 5.3582677 4.4015749 1 P 0
L 5.3582677 4.3188977 5.488189 4.3188977 1 P 0
L 5.3582677 4.4015749 5.488189 4.4015749 1 P 0
L 5.3602363 3.4035433 5.3602363 3.4862205 1 P 0
L 5.3602363 4.3188976 5.3602363 4.4015748 1 P 0
L 5.3641732 3.5649607 5.3641732 3.6023623 0 P 0
L 5.3641732 4.480315 5.3641732 4.5177166 0 P 0
L 5.3740158 3.5433071 5.4133859 3.5433071 0 P 0
L 5.3740158 3.8385827 5.4133859 3.8385827 0 P 0
L 5.3740158 4.4586614 5.4133859 4.4586614 0 P 0
L 5.3740158 4.753937 5.4133859 4.753937 0 P 0
L 5.375 3.8681103 5.4124015 3.8681103 0 P 0
L 5.375 4.7834646 5.4124015 4.7834646 0 P 0
L 5.3917322 3.6889765 5.3917322 3.7716536 1 P 0
L 5.3917322 4.6043308 5.3917322 4.6870079 1 P 0
L 5.3937007 3.8494095 5.3937007 3.8868111 0 P 0
L 5.3937007 4.7647638 5.3937007 4.8021654 0 P 0
L 5.3937008 3.523622 5.3937008 3.5629921 0 P 0
L 5.3937008 3.8188976 5.3937008 3.8582677 0 P 0
L 5.3937008 4.4389763 5.3937008 4.4783464 0 P 0
L 5.3937008 4.7342519 5.3937008 4.773622 0 P 0
L 5.4045276 3.444882 5.4419291 3.444882 0 P 0
L 5.4045276 4.3602363 5.4419291 4.3602363 0 P 0
L 5.4055118 3.5167324 5.4055118 3.6505906 1 P 0
L 5.4055118 4.4320867 5.4055118 4.5659449 1 P 0
L 5.4094489 3.757874 5.4094489 3.8405512 1 P 0
L 5.4094489 4.6732283 5.4094489 4.7559055 1 P 0
L 5.4212599 3.4862205 5.4212599 3.6200787 1 P 0
L 5.4212599 3.4862205 5.503937 3.4862205 1 P 0
L 5.4212599 3.6200787 5.503937 3.6200787 1 P 0
L 5.4212599 4.4015748 5.4212599 4.535433 1 P 0
L 5.4212599 4.4015748 5.503937 4.4015748 1 P 0
L 5.4212599 4.535433 5.503937 4.535433 1 P 0
L 5.4232283 3.4261812 5.4232283 3.4635828 0 P 0
L 5.4232283 4.3415355 5.4232283 4.3789371 0 P 0
L 5.440945 3.7814961 5.440945 3.9153543 1 P 0
L 5.440945 3.7814961 5.5236221 3.7814961 1 P 0
L 5.440945 3.9153543 5.5236221 3.9153543 1 P 0
L 5.440945 4.6968504 5.440945 4.8307086 1 P 0
L 5.440945 4.6968504 5.5236221 4.6968504 1 P 0
L 5.440945 4.8307086 5.5236221 4.8307086 1 P 0
L 5.4438977 3.5531496 5.4812992 3.5531496 0 P 0
L 5.4438977 4.4685039 5.4812992 4.4685039 0 P 0
L 5.4448819 3.4586614 5.4448819 3.6279527 1 P 0
L 5.4448819 3.753937 5.4448819 3.9232283 1 P 0
L 5.4448819 4.3740157 5.4448819 4.543307 1 P 0
L 5.4448819 4.6692913 5.4448819 4.8385826 1 P 0
L 5.4468504 3.8267717 5.4468504 3.9094489 1 P 0
L 5.4468504 3.8267717 5.5767717 3.8267717 1 P 0
L 5.4468504 3.9094489 5.5767717 3.9094489 1 P 0
L 5.4468504 4.742126 5.4468504 4.8248032 1 P 0
L 5.4468504 4.742126 5.5767717 4.742126 1 P 0
L 5.4468504 4.8248032 5.5767717 4.8248032 1 P 0
L 5.4586614 3.8267717 5.4586614 3.9094489 1 P 0
L 5.4586614 4.742126 5.4586614 4.8248032 1 P 0
L 5.4625984 3.5344488 5.4625984 3.5718504 0 P 0
L 5.4625984 4.4498031 5.4625984 4.4872047 0 P 0
L 5.4635828 3.8484252 5.5009843 3.8484252 0 P 0
L 5.4635828 4.7637795 5.5009843 4.7637795 0 P 0
L 5.4822835 3.8297244 5.4822835 3.867126 0 P 0
L 5.4822835 4.7450787 5.4822835 4.7824803 0 P 0
L 5.488189 3.4035434 5.488189 3.4862206 1 P 0
L 5.488189 4.3188977 5.488189 4.4015749 1 P 0
L 5.4931103 3.8681103 5.5305118 3.8681103 0 P 0
L 5.4931103 4.7834646 5.5305118 4.7834646 0 P 0
L 5.5 3.3799213 5.5 3.5098426 1 P 0
L 5.5 3.3799213 5.5826772 3.3799213 1 P 0
L 5.5 3.5098426 5.5826772 3.5098426 1 P 0
L 5.5 4.2952756 5.5 4.4251969 1 P 0
L 5.5 4.2952756 5.5826772 4.2952756 1 P 0
L 5.5 4.4251969 5.5826772 4.4251969 1 P 0
L 5.503937 3.4862205 5.503937 3.6200787 1 P 0
L 5.503937 4.4015748 5.503937 4.535433 1 P 0
L 5.5118111 3.8494095 5.5118111 3.8868111 0 P 0
L 5.5118111 4.7647638 5.5118111 4.8021654 0 P 0
L 5.5196851 3.4173229 5.5196851 3.5511811 1 P 0
L 5.5196851 3.4173229 5.6023622 3.4173229 1 P 0
L 5.5196851 3.5511811 5.6023622 3.5511811 1 P 0
L 5.5196851 3.7125985 5.5196851 3.8464567 1 P 0
L 5.5196851 3.7125985 5.6023622 3.7125985 1 P 0
L 5.5196851 3.8464567 5.6023622 3.8464567 1 P 0
L 5.5196851 4.3326772 5.5196851 4.4665354 1 P 0
L 5.5196851 4.3326772 5.6023622 4.3326772 1 P 0
L 5.5196851 4.4665354 5.6023622 4.4665354 1 P 0
L 5.5196851 4.6279528 5.5196851 4.761811 1 P 0
L 5.5196851 4.6279528 5.6023622 4.6279528 1 P 0
L 5.5196851 4.761811 5.6023622 4.761811 1 P 0
L 5.5226378 3.4448819 5.5600394 3.4448819 0 P 0
L 5.5226378 4.3602362 5.5600394 4.3602362 0 P 0
L 5.5236221 3.7814961 5.5236221 3.9153543 1 P 0
L 5.5236221 4.6968504 5.5236221 4.8307086 1 P 0
L 5.5413386 3.4261812 5.5413386 3.4635827 0 P 0
L 5.5413386 4.3415355 5.5413386 4.378937 0 P 0
L 5.5423229 3.484252 5.5797244 3.484252 0 P 0
L 5.5423229 3.7795276 5.5797244 3.7795276 0 P 0
L 5.5423229 4.3996063 5.5797244 4.3996063 0 P 0
L 5.5423229 4.6948819 5.5797244 4.6948819 0 P 0
L 5.5610236 3.4655512 5.5610236 3.5029528 0 P 0
L 5.5610236 3.7608268 5.5610236 3.7982284 0 P 0
L 5.5610236 4.3809055 5.5610236 4.4183071 0 P 0
L 5.5610236 4.6761811 5.5610236 4.7135827 0 P 0
L 5.5767717 3.8267717 5.5767717 3.9094489 1 P 0
L 5.5767717 4.742126 5.5767717 4.8248032 1 P 0
L 5.5826772 3.3799213 5.5826772 3.5098426 1 P 0
L 5.5826772 4.2952756 5.5826772 4.4251969 1 P 0
L 5.6007479 3.7029526 5.6007479 3.911614 1 P 0
L 5.6007479 3.7029526 5.8920865 3.7029526 1 P 0
L 5.6007479 3.911614 5.8920865 3.911614 1 P 0
L 5.6007479 4.6183069 5.6007479 4.8269683 1 P 0
L 5.6007479 4.6183069 5.8920865 4.6183069 1 P 0
L 5.6007479 4.8269683 5.8920865 4.8269683 1 P 0
L 5.6023622 3.4094489 5.6023622 3.6181103 1 P 0
L 5.6023622 3.4094489 5.8937008 3.4094489 1 P 0
L 5.6023622 3.4173229 5.6023622 3.5511811 1 P 0
L 5.6023622 3.6181103 5.8937008 3.6181103 1 P 0
L 5.6023622 3.7125985 5.6023622 3.8464567 1 P 0
L 5.6023622 4.3248032 5.6023622 4.5334646 1 P 0
L 5.6023622 4.3248032 5.8937008 4.3248032 1 P 0
L 5.6023622 4.3326772 5.6023622 4.4665354 1 P 0
L 5.6023622 4.5334646 5.8937008 4.5334646 1 P 0
L 5.6023622 4.6279528 5.6023622 4.761811 1 P 0
L 5.7125985 3.5511811 5.7125985 3.6338583 1 P 0
L 5.7125985 3.5511811 5.8425198 3.5511811 1 P 0
L 5.7125985 3.6338583 5.8425198 3.6338583 1 P 0
L 5.7125985 4.4665354 5.7125985 4.5492126 1 P 0
L 5.7125985 4.4665354 5.8425198 4.4665354 1 P 0
L 5.7125985 4.5492126 5.8425198 4.5492126 1 P 0
L 5.7267321 3.8072833 5.7661022 3.8072833 0 P 0
L 5.7267321 4.7226376 5.7661022 4.7226376 0 P 0
L 5.7283464 3.5137796 5.7677165 3.5137796 0 P 0
L 5.7283464 4.4291339 5.7677165 4.4291339 0 P 0
L 5.7464172 3.7875983 5.7464172 3.8269683 0 P 0
L 5.7464172 4.7029526 5.7464172 4.7423226 0 P 0
L 5.7480315 3.4940946 5.7480315 3.5334646 0 P 0
L 5.7480315 4.4094489 5.7480315 4.4488189 0 P 0
L 5.7588584 3.5925197 5.7962599 3.5925197 0 P 0
L 5.7588584 4.507874 5.7962599 4.507874 0 P 0
L 5.7775591 3.5738189 5.7775591 3.6112205 0 P 0
L 5.7775591 4.4891732 5.7775591 4.5265748 0 P 0
L 5.8425198 3.5511811 5.8425198 3.6338583 1 P 0
L 5.8425198 4.4665354 5.8425198 4.5492126 1 P 0
L 5.8444882 3.3799212 5.8444882 3.5098425 1 P 0
L 5.8444882 3.3799212 5.9271654 3.3799212 1 P 0
L 5.8444882 3.5098425 5.9271654 3.5098425 1 P 0
L 5.8444882 4.2952755 5.8444882 4.4251968 1 P 0
L 5.8444882 4.2952755 5.9271654 4.2952755 1 P 0
L 5.8444882 4.4251968 5.9271654 4.4251968 1 P 0
L 5.867126 3.4448819 5.9045276 3.4448819 0 P 0
L 5.867126 4.3602362 5.9045276 4.3602362 0 P 0
L 5.8799212 3.9940945 5.8799212 4.0767717 1 P 0
L 5.8799212 3.9940945 6.0098425 3.9940945 1 P 0
L 5.8799212 4.0767717 6.0098425 4.0767717 1 P 0
L 5.8799212 4.0826771 5.8799212 4.1653543 1 P 0
L 5.8799212 4.0826771 6.0098425 4.0826771 1 P 0
L 5.8799212 4.1653543 6.0098425 4.1653543 1 P 0
L 5.8858268 3.4261811 5.8858268 3.4635826 0 P 0
L 5.8858268 4.3415354 5.8858268 4.3789369 0 P 0
L 5.8920865 3.7029526 5.8920865 3.911614 1 P 0
L 5.8920865 4.6183069 5.8920865 4.8269683 1 P 0
L 5.8937008 3.4094489 5.8937008 3.6181103 1 P 0
L 5.8937008 4.3248032 5.8937008 4.5334646 1 P 0
L 5.9015748 3.5826772 5.9015748 3.7204725 1 P 0
L 5.9015748 3.5826772 6.0669291 3.5826772 1 P 0
L 5.9015748 3.7204725 6.0669291 3.7204725 1 P 0
L 5.9015748 4.4980315 5.9015748 4.6358268 1 P 0
L 5.9015748 4.4980315 6.0669291 4.4980315 1 P 0
L 5.9015748 4.6358268 6.0669291 4.6358268 1 P 0
L 5.9261811 4.0354331 5.9635826 4.0354331 0 P 0
L 5.9261811 4.1240157 5.9635826 4.1240157 0 P 0
L 5.9271654 3.3799212 5.9271654 3.5098425 1 P 0
L 5.9271654 4.2952755 5.9271654 4.4251968 1 P 0
L 5.9448818 4.1053149 5.9448818 4.1427165 0 P 0
L 5.9448819 4.0167323 5.9448819 4.0541339 0 P 0
L 5.9645669 3.6515748 6.003937 3.6515748 0 P 0
L 5.9645669 4.5669291 6.003937 4.5669291 0 P 0
L 5.984252 3.6318898 5.984252 3.6712599 0 P 0
L 5.984252 4.5472441 5.984252 4.5866142 0 P 0
L 6.0098425 3.9940945 6.0098425 4.0767717 1 P 0
L 6.0098425 4.0826771 6.0098425 4.1653543 1 P 0
L 6.0669291 3.5826772 6.0669291 3.7204725 1 P 0
L 6.0669291 4.4980315 6.0669291 4.6358268 1 P 0
L 6.1850394 3.6692914 6.1850394 3.7519686 1 P 0
L 6.1850394 3.6692914 6.3149607 3.6692914 1 P 0
L 6.1850394 3.7283465 6.1850394 3.8110237 1 P 0
L 6.1850394 3.7283465 6.3149607 3.7283465 1 P 0
L 6.1850394 3.7519686 6.3149607 3.7519686 1 P 0
L 6.1850394 3.8110237 6.3149607 3.8110237 1 P 0
L 6.1850394 4.5846457 6.1850394 4.6673229 1 P 0
L 6.1850394 4.5846457 6.3149607 4.5846457 1 P 0
L 6.1850394 4.6437008 6.1850394 4.726378 1 P 0
L 6.1850394 4.6437008 6.3149607 4.6437008 1 P 0
L 6.1850394 4.6673229 6.3149607 4.6673229 1 P 0
L 6.1850394 4.726378 6.3149607 4.726378 1 P 0
L 6.2312993 3.71063 6.2687008 3.71063 0 P 0
L 6.2312993 3.7696851 6.2687008 3.7696851 0 P 0
L 6.2312993 4.6259843 6.2687008 4.6259843 0 P 0
L 6.2312993 4.6850394 6.2687008 4.6850394 0 P 0
L 6.25 3.6919292 6.25 3.7293308 0 P 0
L 6.25 3.7509843 6.25 3.7883859 0 P 0
L 6.25 4.6072835 6.25 4.6446851 0 P 0
L 6.25 4.6663386 6.25 4.7037402 0 P 0
L 6.3149607 3.6692914 6.3149607 3.7519686 1 P 0
L 6.3149607 3.7283465 6.3149607 3.8110237 1 P 0
L 6.3149607 4.5846457 6.3149607 4.6673229 1 P 0
L 6.3149607 4.6437008 6.3149607 4.726378 1 P 0
L 6.8897638 3.7539371 6.8897638 3.9232284 1 P 0
L 6.8897638 3.7539371 6.988189 3.7539371 1 P 0
L 6.8897638 3.9232284 6.988189 3.9232284 1 P 0
L 6.8897638 4.3149606 6.8897638 4.4842519 1 P 0
L 6.8897638 4.3149606 6.988189 4.3149606 1 P 0
L 6.8897638 4.4842519 6.988189 4.4842519 1 P 0
L 6.9192913 4.3996063 6.9586614 4.3996063 0 P 0
L 6.9192914 3.8385827 6.9586615 3.8385827 0 P 0
L 6.9389764 3.8188977 6.9389764 3.8582678 0 P 0
L 6.9389764 4.3799212 6.9389764 4.4192913 0 P 0
L 6.988189 3.7539371 6.988189 3.9232284 1 P 0
L 6.988189 4.3149606 6.988189 4.4842519 1 P 0
