#Layer_Color=16711935
#
#Feature symbol names
#
$0 r3.937

#
#Feature attribute names
#

#
#Layer features
#
A 4.8267716 3.8248031 4.8267716 3.8248031 4.8070866 3.8248031 0 P 0 N
A 5.7227951 3.8663384 5.7227951 3.8663384 5.7031101 3.8663384 0 P 0 N
A 5.7227951 4.7816927 5.7227951 4.7816927 5.7031101 4.7816927 0 P 0 N
A 5.7244094 3.5728347 5.7244094 3.5728347 5.7047244 3.5728347 0 P 0 N
A 5.7244094 4.488189 5.7244094 4.488189 5.7047244 4.488189 0 P 0 N
L 4.2234252 3.9124016 4.2234252 3.9812992 0 P 0
L 4.2234252 3.9124016 4.2608267 3.9124016 0 P 0
L 4.2234252 3.9812992 4.2608267 3.9812992 0 P 0
L 4.2283464 3.6427165 4.2283464 3.6801181 0 P 0
L 4.2283464 3.6427165 4.2952755 3.6427165 0 P 0
L 4.2283464 3.6801181 4.2952755 3.6801181 0 P 0
L 4.2608267 3.9124016 4.2608267 3.9812992 0 P 0
L 4.269685 3.4055118 4.269685 3.523622 0 P 0
L 4.269685 3.4055118 4.3326771 3.4055118 0 P 0
L 4.269685 3.523622 4.3326771 3.523622 0 P 0
L 4.2952755 3.6427165 4.2952755 3.6801181 0 P 0
L 4.3021653 3.8730315 4.3021653 3.9419291 0 P 0
L 4.3021653 3.8730315 4.3395668 3.8730315 0 P 0
L 4.3021653 3.9419291 4.3395668 3.9419291 0 P 0
L 4.3326771 3.4055118 4.3326771 3.523622 0 P 0
L 4.3395668 3.8730315 4.3395668 3.9419291 0 P 0
L 4.4438977 3.4183071 4.4438977 3.5501969 0 P 0
L 4.4438977 3.4183071 4.5127953 3.4183071 0 P 0
L 4.4438977 3.5501969 4.5127953 3.5501969 0 P 0
L 4.4488189 3.7893701 4.4488189 4.1830708 0 P 0
L 4.4488189 3.7893701 4.8425196 3.7893701 0 P 0
L 4.4488189 4.1830708 4.8425196 4.1830708 0 P 0
L 4.5127953 3.4183071 4.5127953 3.5501969 0 P 0
L 4.5620079 4.3021654 4.5620079 4.3395669 0 P 0
L 4.5620079 4.3021654 4.6309055 4.3021654 0 P 0
L 4.5620079 4.3395669 4.6309055 4.3395669 0 P 0
L 4.5875984 4.4035433 4.5875984 4.4724409 0 P 0
L 4.5875984 4.4035433 4.6249999 4.4035433 0 P 0
L 4.5875984 4.4724409 4.6249999 4.4724409 0 P 0
L 4.5925197 3.4360236 4.5925197 3.4931102 0 P 0
L 4.5925197 3.4360236 4.6791339 3.4360236 0 P 0
L 4.5925197 3.4931102 4.6791339 3.4931102 0 P 0
L 4.5925197 3.5442913 4.5925197 3.6013779 0 P 0
L 4.5925197 3.5442913 4.6791339 3.5442913 0 P 0
L 4.5925197 3.6013779 4.6791339 3.6013779 0 P 0
L 4.6003937 3.652559 4.6003937 3.6899605 0 P 0
L 4.6003937 3.652559 4.6692913 3.652559 0 P 0
L 4.6003937 3.6899605 4.6692913 3.6899605 0 P 0
L 4.6249999 4.4035433 4.6249999 4.4724409 0 P 0
L 4.6309055 4.3021654 4.6309055 4.3395669 0 P 0
L 4.6692913 3.652559 4.6692913 3.6899605 0 P 0
L 4.6791339 3.4360236 4.6791339 3.4931102 0 P 0
L 4.6791339 3.5442913 4.6791339 3.6013779 0 P 0
L 4.8425196 3.7893701 4.8425196 4.1830708 0 P 0
L 4.9419292 4.0305118 4.9419292 4.0994094 0 P 0
L 4.9419292 4.0305118 4.9793307 4.0305118 0 P 0
L 4.9419292 4.0994094 4.9793307 4.0994094 0 P 0
L 4.9517718 3.4803149 4.9517718 3.5669291 0 P 0
L 4.9517718 3.4803149 5.0088584 3.4803149 0 P 0
L 4.9517718 3.5669291 5.0088584 3.5669291 0 P 0
L 4.9793307 4.0305118 4.9793307 4.0994094 0 P 0
L 5.0088584 3.4803149 5.0088584 3.5669291 0 P 0
L 5.0255905 4.0561023 5.0255905 4.0935039 0 P 0
L 5.0255905 4.0561023 5.0925196 4.0561023 0 P 0
L 5.0255905 4.0935039 5.0925196 4.0935039 0 P 0
L 5.0255906 3.9675197 5.0255906 4.0049213 0 P 0
L 5.0255906 3.9675197 5.0925197 3.9675197 0 P 0
L 5.0255906 4.0049213 5.0925197 4.0049213 0 P 0
L 5.0925196 4.0561023 5.0925196 4.0935039 0 P 0
L 5.0925197 3.9675197 5.0925197 4.0049213 0 P 0
L 5.1683071 3.4399607 5.1683071 3.5088583 0 P 0
L 5.1683071 3.4399607 5.2057086 3.4399607 0 P 0
L 5.1683071 3.5088583 5.2057086 3.5088583 0 P 0
L 5.1683071 3.5688976 5.1683071 3.6358267 0 P 0
L 5.1683071 3.5688976 5.2057087 3.5688976 0 P 0
L 5.1683071 3.6358267 5.2057087 3.6358267 0 P 0
L 5.1683071 4.4842519 5.1683071 4.551181 0 P 0
L 5.1683071 4.4842519 5.2057087 4.4842519 0 P 0
L 5.1683071 4.551181 5.2057087 4.551181 0 P 0
L 5.1683072 3.8238189 5.1683072 3.8927165 0 P 0
L 5.1683072 3.8238189 5.2057087 3.8238189 0 P 0
L 5.1683072 3.8927165 5.2057087 3.8927165 0 P 0
L 5.1683072 4.7194882 5.1683072 4.7883858 0 P 0
L 5.1683072 4.7194882 5.2057087 4.7194882 0 P 0
L 5.1683072 4.7883858 5.2057087 4.7883858 0 P 0
L 5.1683073 3.6968504 5.1683073 3.7637795 0 P 0
L 5.1683073 3.6968504 5.2057089 3.6968504 0 P 0
L 5.1683073 3.7637795 5.2057089 3.7637795 0 P 0
L 5.1683073 4.6122047 5.1683073 4.6791338 0 P 0
L 5.1683073 4.6122047 5.2057089 4.6122047 0 P 0
L 5.1683073 4.6791338 5.2057089 4.6791338 0 P 0
L 5.1781496 4.355315 5.1781496 4.4242126 0 P 0
L 5.1781496 4.355315 5.2155511 4.355315 0 P 0
L 5.1781496 4.4242126 5.2155511 4.4242126 0 P 0
L 5.2057086 3.4399607 5.2057086 3.5088583 0 P 0
L 5.2057087 3.5688976 5.2057087 3.6358267 0 P 0
L 5.2057087 3.8238189 5.2057087 3.8927165 0 P 0
L 5.2057087 4.4842519 5.2057087 4.551181 0 P 0
L 5.2057087 4.7194882 5.2057087 4.7883858 0 P 0
L 5.2057089 3.6968504 5.2057089 3.7637795 0 P 0
L 5.2057089 4.6122047 5.2057089 4.6791338 0 P 0
L 5.2155511 4.355315 5.2155511 4.4242126 0 P 0
L 5.2470473 3.5492127 5.2470473 3.6181103 0 P 0
L 5.2470473 3.5492127 5.2844488 3.5492127 0 P 0
L 5.2470473 3.6181103 5.2844488 3.6181103 0 P 0
L 5.2470473 4.464567 5.2470473 4.5334646 0 P 0
L 5.2470473 4.464567 5.2844488 4.464567 0 P 0
L 5.2470473 4.5334646 5.2844488 4.5334646 0 P 0
L 5.2618111 3.4261811 5.2618111 3.4635827 0 P 0
L 5.2618111 3.4261811 5.3287402 3.4261811 0 P 0
L 5.2618111 3.4635827 5.3287402 3.4635827 0 P 0
L 5.2618111 4.3415354 5.2618111 4.378937 0 P 0
L 5.2618111 4.3415354 5.3287402 4.3415354 0 P 0
L 5.2618111 4.378937 5.3287402 4.378937 0 P 0
L 5.2844488 3.5492127 5.2844488 3.6181103 0 P 0
L 5.2844488 4.464567 5.2844488 4.5334646 0 P 0
L 5.2903543 3.7116143 5.2903543 3.7490158 0 P 0
L 5.2903543 3.7116143 5.3592519 3.7116143 0 P 0
L 5.2903543 3.7490158 5.3592519 3.7490158 0 P 0
L 5.2903543 4.6269686 5.2903543 4.6643701 0 P 0
L 5.2903543 4.6269686 5.3592519 4.6269686 0 P 0
L 5.2903543 4.6643701 5.3592519 4.6643701 0 P 0
L 5.3110237 3.7805118 5.3110237 3.8179134 0 P 0
L 5.3110237 3.7805118 5.3779528 3.7805118 0 P 0
L 5.3110237 3.8179134 5.3779528 3.8179134 0 P 0
L 5.3110237 4.6958661 5.3110237 4.7332677 0 P 0
L 5.3110237 4.6958661 5.3779528 4.6958661 0 P 0
L 5.3110237 4.7332677 5.3779528 4.7332677 0 P 0
L 5.3287402 3.4261811 5.3287402 3.4635827 0 P 0
L 5.3287402 4.3415354 5.3287402 4.378937 0 P 0
L 5.3454725 3.5492127 5.3454725 3.6181103 0 P 0
L 5.3454725 3.5492127 5.382874 3.5492127 0 P 0
L 5.3454725 3.6181103 5.382874 3.6181103 0 P 0
L 5.3454725 4.464567 5.3454725 4.5334646 0 P 0
L 5.3454725 4.464567 5.382874 4.464567 0 P 0
L 5.3454725 4.5334646 5.382874 4.5334646 0 P 0
L 5.3592519 3.7116143 5.3592519 3.7490158 0 P 0
L 5.3592519 4.6269686 5.3592519 4.6643701 0 P 0
L 5.3602362 3.8494095 5.3602362 3.8868111 0 P 0
L 5.3602362 3.8494095 5.4271653 3.8494095 0 P 0
L 5.3602362 3.8868111 5.4271653 3.8868111 0 P 0
L 5.3602362 4.7647638 5.3602362 4.8021654 0 P 0
L 5.3602362 4.7647638 5.4271653 4.7647638 0 P 0
L 5.3602362 4.8021654 5.4271653 4.8021654 0 P 0
L 5.3651575 3.5 5.3651575 3.5866142 0 P 0
L 5.3651575 3.5 5.4222441 3.5 0 P 0
L 5.3651575 3.5866142 5.4222441 3.5866142 0 P 0
L 5.3651575 3.7952756 5.3651575 3.8818898 0 P 0
L 5.3651575 3.7952756 5.4222441 3.7952756 0 P 0
L 5.3651575 3.8818898 5.4222441 3.8818898 0 P 0
L 5.3651575 4.4153543 5.3651575 4.5019685 0 P 0
L 5.3651575 4.4153543 5.4222441 4.4153543 0 P 0
L 5.3651575 4.5019685 5.4222441 4.5019685 0 P 0
L 5.3651575 4.7106299 5.3651575 4.7972441 0 P 0
L 5.3651575 4.7106299 5.4222441 4.7106299 0 P 0
L 5.3651575 4.7972441 5.4222441 4.7972441 0 P 0
L 5.3779528 3.7805118 5.3779528 3.8179134 0 P 0
L 5.3779528 4.6958661 5.3779528 4.7332677 0 P 0
L 5.382874 3.5492127 5.382874 3.6181103 0 P 0
L 5.382874 4.464567 5.382874 4.5334646 0 P 0
L 5.3897638 3.4261812 5.3897638 3.4635828 0 P 0
L 5.3897638 3.4261812 5.4566929 3.4261812 0 P 0
L 5.3897638 3.4635828 5.4566929 3.4635828 0 P 0
L 5.3897638 4.3415355 5.3897638 4.3789371 0 P 0
L 5.3897638 4.3415355 5.4566929 4.3415355 0 P 0
L 5.3897638 4.3789371 5.4566929 4.3789371 0 P 0
L 5.4222441 3.5 5.4222441 3.5866142 0 P 0
L 5.4222441 3.7952756 5.4222441 3.8818898 0 P 0
L 5.4222441 4.4153543 5.4222441 4.5019685 0 P 0
L 5.4222441 4.7106299 5.4222441 4.7972441 0 P 0
L 5.4271653 3.8494095 5.4271653 3.8868111 0 P 0
L 5.4271653 4.7647638 5.4271653 4.8021654 0 P 0
L 5.4438977 3.5187008 5.4438977 3.5875984 0 P 0
L 5.4438977 3.5187008 5.4812992 3.5187008 0 P 0
L 5.4438977 3.5875984 5.4812992 3.5875984 0 P 0
L 5.4438977 4.4340551 5.4438977 4.5029527 0 P 0
L 5.4438977 4.4340551 5.4812992 4.4340551 0 P 0
L 5.4438977 4.5029527 5.4812992 4.5029527 0 P 0
L 5.4566929 3.4261812 5.4566929 3.4635828 0 P 0
L 5.4566929 4.3415355 5.4566929 4.3789371 0 P 0
L 5.4635828 3.8139764 5.4635828 3.882874 0 P 0
L 5.4635828 3.8139764 5.5009843 3.8139764 0 P 0
L 5.4635828 3.882874 5.5009843 3.882874 0 P 0
L 5.4635828 4.7293307 5.4635828 4.7982283 0 P 0
L 5.4635828 4.7293307 5.5009843 4.7293307 0 P 0
L 5.4635828 4.7982283 5.5009843 4.7982283 0 P 0
L 5.4783465 3.8494095 5.4783465 3.8868111 0 P 0
L 5.4783465 3.8494095 5.5452756 3.8494095 0 P 0
L 5.4783465 3.8868111 5.5452756 3.8868111 0 P 0
L 5.4783465 4.7647638 5.4783465 4.8021654 0 P 0
L 5.4783465 4.7647638 5.5452756 4.7647638 0 P 0
L 5.4783465 4.8021654 5.5452756 4.8021654 0 P 0
L 5.4812992 3.5187008 5.4812992 3.5875984 0 P 0
L 5.4812992 4.4340551 5.4812992 4.5029527 0 P 0
L 5.5009843 3.8139764 5.5009843 3.882874 0 P 0
L 5.5009843 4.7293307 5.5009843 4.7982283 0 P 0
L 5.5226378 3.4114174 5.5226378 3.4783465 0 P 0
L 5.5226378 3.4114174 5.5600394 3.4114174 0 P 0
L 5.5226378 3.4783465 5.5600394 3.4783465 0 P 0
L 5.5226378 4.3267717 5.5226378 4.3937008 0 P 0
L 5.5226378 4.3267717 5.5600394 4.3267717 0 P 0
L 5.5226378 4.3937008 5.5600394 4.3937008 0 P 0
L 5.5423229 3.4498032 5.5423229 3.5187008 0 P 0
L 5.5423229 3.4498032 5.5797244 3.4498032 0 P 0
L 5.5423229 3.5187008 5.5797244 3.5187008 0 P 0
L 5.5423229 3.7450788 5.5423229 3.8139764 0 P 0
L 5.5423229 3.7450788 5.5797244 3.7450788 0 P 0
L 5.5423229 3.8139764 5.5797244 3.8139764 0 P 0
L 5.5423229 4.3651575 5.5423229 4.4340551 0 P 0
L 5.5423229 4.3651575 5.5797244 4.3651575 0 P 0
L 5.5423229 4.4340551 5.5797244 4.4340551 0 P 0
L 5.5423229 4.6604331 5.5423229 4.7293307 0 P 0
L 5.5423229 4.6604331 5.5797244 4.6604331 0 P 0
L 5.5423229 4.7293307 5.5797244 4.7293307 0 P 0
L 5.5452756 3.8494095 5.5452756 3.8868111 0 P 0
L 5.5452756 4.7647638 5.5452756 4.8021654 0 P 0
L 5.5600394 3.4114174 5.5600394 3.4783465 0 P 0
L 5.5600394 4.3267717 5.5600394 4.3937008 0 P 0
L 5.5797244 3.4498032 5.5797244 3.5187008 0 P 0
L 5.5797244 3.7450788 5.5797244 3.8139764 0 P 0
L 5.5797244 4.3651575 5.5797244 4.4340551 0 P 0
L 5.5797244 4.6604331 5.5797244 4.7293307 0 P 0
L 5.667677 3.7127951 5.667677 3.9017715 0 P 0
L 5.667677 3.7127951 5.8251573 3.7127951 0 P 0
L 5.667677 3.9017715 5.8251573 3.9017715 0 P 0
L 5.667677 4.6281494 5.667677 4.8171258 0 P 0
L 5.667677 4.6281494 5.8251573 4.6281494 0 P 0
L 5.667677 4.8171258 5.8251573 4.8171258 0 P 0
L 5.6692913 3.4192914 5.6692913 3.6082678 0 P 0
L 5.6692913 3.4192914 5.8267716 3.4192914 0 P 0
L 5.6692913 3.6082678 5.8267716 3.6082678 0 P 0
L 5.6692913 4.3346457 5.6692913 4.5236221 0 P 0
L 5.6692913 4.3346457 5.8267716 4.3346457 0 P 0
L 5.6692913 4.5236221 5.8267716 4.5236221 0 P 0
L 5.7440946 3.5738189 5.7440946 3.6112205 0 P 0
L 5.7440946 3.5738189 5.8110237 3.5738189 0 P 0
L 5.7440946 3.6112205 5.8110237 3.6112205 0 P 0
L 5.7440946 4.4891732 5.7440946 4.5265748 0 P 0
L 5.7440946 4.4891732 5.8110237 4.4891732 0 P 0
L 5.7440946 4.5265748 5.8110237 4.5265748 0 P 0
L 5.8110237 3.5738189 5.8110237 3.6112205 0 P 0
L 5.8110237 4.4891732 5.8110237 4.5265748 0 P 0
L 5.8251573 3.7127951 5.8251573 3.9017715 0 P 0
L 5.8251573 4.6281494 5.8251573 4.8171258 0 P 0
L 5.8267716 3.4192914 5.8267716 3.6082678 0 P 0
L 5.8267716 4.3346457 5.8267716 4.5236221 0 P 0
L 5.867126 3.4114173 5.867126 3.4783464 0 P 0
L 5.867126 3.4114173 5.9045276 3.4114173 0 P 0
L 5.867126 3.4783464 5.9045276 3.4783464 0 P 0
L 5.867126 4.3267716 5.867126 4.3937007 0 P 0
L 5.867126 4.3267716 5.9045276 4.3267716 0 P 0
L 5.867126 4.3937007 5.9045276 4.3937007 0 P 0
L 5.9045276 3.4114173 5.9045276 3.4783464 0 P 0
L 5.9045276 4.3267716 5.9045276 4.3937007 0 P 0
L 5.9114173 4.0167323 5.9114173 4.0541339 0 P 0
L 5.9114173 4.0167323 5.9783464 4.0167323 0 P 0
L 5.9114173 4.0541339 5.9783464 4.0541339 0 P 0
L 5.9114173 4.1053149 5.9114173 4.1427165 0 P 0
L 5.9114173 4.1053149 5.9783464 4.1053149 0 P 0
L 5.9114173 4.1427165 5.9783464 4.1427165 0 P 0
L 5.9527559 3.5925197 5.9527559 3.7106299 0 P 0
L 5.9527559 3.5925197 6.015748 3.5925197 0 P 0
L 5.9527559 3.7106299 6.015748 3.7106299 0 P 0
L 5.9527559 4.507874 5.9527559 4.6259842 0 P 0
L 5.9527559 4.507874 6.015748 4.507874 0 P 0
L 5.9527559 4.6259842 6.015748 4.6259842 0 P 0
L 5.9783464 4.0167323 5.9783464 4.0541339 0 P 0
L 5.9783464 4.1053149 5.9783464 4.1427165 0 P 0
L 6.015748 3.5925197 6.015748 3.7106299 0 P 0
L 6.015748 4.507874 6.015748 4.6259842 0 P 0
L 6.2165355 3.6919292 6.2165355 3.7293308 0 P 0
L 6.2165355 3.6919292 6.2834646 3.6919292 0 P 0
L 6.2165355 3.7293308 6.2834646 3.7293308 0 P 0
L 6.2165355 3.7509843 6.2165355 3.7883859 0 P 0
L 6.2165355 3.7509843 6.2834646 3.7509843 0 P 0
L 6.2165355 3.7883859 6.2834646 3.7883859 0 P 0
L 6.2165355 4.6072835 6.2165355 4.6446851 0 P 0
L 6.2165355 4.6072835 6.2834646 4.6072835 0 P 0
L 6.2165355 4.6446851 6.2834646 4.6446851 0 P 0
L 6.2165355 4.6663386 6.2165355 4.7037402 0 P 0
L 6.2165355 4.6663386 6.2834646 4.6663386 0 P 0
L 6.2165355 4.7037402 6.2834646 4.7037402 0 P 0
L 6.2834646 3.6919292 6.2834646 3.7293308 0 P 0
L 6.2834646 3.7509843 6.2834646 3.7883859 0 P 0
L 6.2834646 4.6072835 6.2834646 4.6446851 0 P 0
L 6.2834646 4.6663386 6.2834646 4.7037402 0 P 0
L 6.9114173 4.3572834 6.9114173 4.4419291 0 P 0
L 6.9114173 4.3572834 6.9665354 4.3572834 0 P 0
L 6.9114173 4.4419291 6.9665354 4.4419291 0 P 0
L 6.9114174 3.7962599 6.9114174 3.8809056 0 P 0
L 6.9114174 3.7962599 6.9665355 3.7962599 0 P 0
L 6.9114174 3.8809056 6.9665355 3.8809056 0 P 0
L 6.9665354 4.3572834 6.9665354 4.4419291 0 P 0
L 6.9665355 3.7962599 6.9665355 3.8809056 0 P 0
